1,7,H,-52958.0
1,8,H,-47236.0
1,9,H,-38456.0
1,10,H,-28452.0
1,11,H,-23399.0
1,12,H,-56081.0
1,13,H,-58791.0
1,14,H,-60343.0
1,15,H,-62080.0
1,16,H,-64530.0
2,7,H,-15022.0
2,8,H,-7202.0
2,9,H,1662.0
2,10,D,27794.0
2,11,D,39334.0
2,12,H,-27620.0
2,13,S,-31216.0
2,14,S,-31142.0
2,15,S,-31308.0
2,16,S,-31202.0
3,7,H,-13684.0
3,8,H,-5237.0
3,9,H,3330.0
3,10,D,31914.0
3,11,D,41784.0
3,12,H,-27183.0
3,13,S,-27888.0
3,14,S,-28482.0
3,15,S,-28056.0
3,16,S,-28274.0
4,7,H,-12697.0
4,8,H,-4234.0
4,9,D,7994.0
4,10,D,35498.0
4,11,D,46378.0
4,12,S,-25220.0
4,13,S,-25240.0
4,14,S,-25584.0
4,15,S,-25332.0
4,16,S,-25326.0
5,7,H,-11653.0
5,8,H,-3049.0
5,9,D,11038.0
5,10,D,38982.0
5,11,D,49138.0
5,12,S,-22166.0
5,13,S,-22768.0
5,14,S,-22950.0
5,15,S,-21866.0
5,16,S,-22592.0
6,7,H,-8962.0
6,8,H,-2084.0
6,9,D,18496.0
6,10,D,44396.0
6,11,D,54918.0
6,12,S,-17476.0
6,13,S,-17242.0
6,14,S,-17790.0
6,15,S,-17194.0
6,16,S,-17556.0
7,7,H,-6812.0
7,8,H,6657.0
7,9,H,13683.0
7,10,D,27940.0
7,11,D,36214.0
7,12,H,-20478.0
7,13,H,-24900.0
7,14,H,-28516.0
7,15,H,-32078.0
7,16,H,-37370.0
8,7,H,-19587.0
8,8,H,-6094.0
8,9,H,7548.0
8,10,D,19766.0
8,11,D,25252.0
8,12,H,-26618.0
8,13,H,-30577.0
8,14,H,-33810.0
8,15,H,-36407.0
8,16,H,-41223.0
9,7,H,-26929.0
9,8,H,-19075.0
9,9,H,-5272.0
9,10,H,9485.0
9,11,D,15586.0
9,12,H,-33373.0
9,13,H,-36634.0
9,14,H,-39613.0
9,15,H,-42200.0
9,16,H,-46273.0
10,7,H,-34136.0
10,8,H,-27902.0
10,9,H,-20335.0
10,10,H,-5515.0
10,11,D,4595.0
10,12,H,-41137.0
10,13,H,-44659.0
10,14,H,-46775.0
10,15,H,-48731.0
10,16,H,-52969.0
