1,7,H,-54973.0
1,8,H,-48986.0
1,9,H,-39471.0
1,10,H,-28036.0
1,11,D,-23252.0
1,12,H,-57316.0
1,13,H,-60342.0
1,14,H,-63238.0
1,15,H,-66054.0
1,16,H,-68001.0
2,7,H,-15840.0
2,8,H,-7279.0
2,9,D,5800.0
2,10,D,35688.0
2,11,D,46846.0
2,12,S,-28852.0
2,13,S,-29164.0
2,14,S,-28878.0
2,15,S,-28654.0
2,16,S,-28044.0
3,7,H,-14001.0
3,8,H,-5313.0
3,9,D,12464.0
3,10,D,40818.0
3,11,D,51682.0
3,12,S,-24902.0
3,13,S,-24832.0
3,14,S,-24672.0
3,15,S,-24558.0
3,16,S,-24388.0
4,7,H,-12342.0
4,8,H,-3933.0
4,9,D,17576.0
4,10,D,46700.0
4,11,D,56778.0
4,12,S,-20884.0
4,13,S,-20744.0
4,14,S,-20418.0
4,15,S,-20576.0
4,16,S,-20404.0
5,7,H,-10262.0
5,8,D,108.0
5,9,D,23554.0
5,10,D,50708.0
5,11,D,61982.0
5,12,S,-16858.0
5,13,S,-17330.0
5,14,S,-16408.0
5,15,S,-15950.0
5,16,S,-16944.0
6,7,H,-8333.0
6,8,D,9128.0
6,9,D,30098.0
6,10,D,57536.0
6,11,D,67216.0
6,12,S,-12032.0
6,13,S,-12088.0
6,14,S,-11958.0
6,15,S,-11966.0
6,16,S,-12856.0
7,7,H,-6622.0
7,8,H,8250.0
7,9,H,17039.0
7,10,D,39274.0
7,11,D,46952.0
7,12,H,-21257.0
7,13,H,-27026.0
7,14,H,-31519.0
7,15,H,-36980.0
7,16,H,-41678.0
8,7,H,-20952.0
8,8,H,-5995.0
8,9,H,9798.0
8,10,D,29046.0
8,11,D,34774.0
8,12,H,-27136.0
8,13,H,-32345.0
8,14,H,-36691.0
8,15,H,-41593.0
8,16,H,-45388.0
9,7,H,-28981.0
9,8,H,-20942.0
9,9,H,-5091.0
9,10,D,14820.0
9,11,D,22966.0
9,12,H,-33845.0
9,13,H,-38684.0
9,14,H,-42543.0
9,15,H,-47164.0
9,16,H,-50558.0
10,7,H,-37685.0
10,8,H,-30459.0
10,9,H,-21834.0
10,10,H,-5107.0
10,11,D,8304.0
10,12,H,-43127.0
10,13,H,-47150.0
10,14,H,-51069.0
10,15,H,-54040.0
10,16,S,-57534.0
