1,7,H,-56246.0
1,8,H,-49449.0
1,9,H,-39325.0
1,10,H,-28361.0
1,11,D,-19946.0
1,12,H,-59817.0
1,13,H,-62506.0
1,14,H,-65507.0
1,15,H,-67753.0
1,16,H,-69769.0
2,7,H,-14523.0
2,8,H,-5932.0
2,9,D,13668.0
2,10,D,43368.0
2,11,D,53358.0
2,12,S,-25524.0
2,13,S,-25566.0
2,14,S,-26518.0
2,15,S,-26294.0
2,16,S,-25442.0
3,7,H,-12860.0
3,8,H,-3843.0
3,9,D,19398.0
3,10,D,48310.0
3,11,D,58372.0
3,12,S,-21664.0
3,13,S,-22212.0
3,14,S,-21796.0
3,15,S,-22080.0
3,16,S,-22118.0
4,7,H,-11283.0
4,8,D,-170.0
4,9,D,24908.0
4,10,D,54592.0
4,11,D,63942.0
4,12,S,-17854.0
4,13,S,-17074.0
4,14,S,-17780.0
4,15,S,-17714.0
4,16,S,-18494.0
5,7,H,-8857.0
5,8,D,7164.0
5,9,D,30552.0
5,10,D,57068.0
5,11,D,68450.0
5,12,S,-13682.0
5,13,S,-13584.0
5,14,S,-13290.0
5,15,S,-13194.0
5,16,S,-13660.0
6,7,D,-6540.0
6,8,D,12496.0
6,9,D,35990.0
6,10,D,63360.0
6,11,D,72560.0
6,12,S,-10244.0
6,13,S,-9892.0
6,14,S,-9442.0
6,15,S,-10310.0
6,16,S,-10128.0
7,7,H,-6433.0
7,8,H,9823.0
7,9,H,19351.0
7,10,D,45430.0
7,11,D,49952.0
7,12,H,-23907.0
7,13,H,-29424.0
7,14,H,-34405.0
7,15,H,-38114.0
7,16,H,-43106.0
8,7,H,-22082.0
8,8,H,-5216.0
8,9,H,11406.0
8,10,D,34188.0
8,11,D,39074.0
8,12,H,-30440.0
8,13,H,-35016.0
8,14,H,-39358.0
8,15,H,-43785.0
8,16,H,-47483.0
9,7,H,-30964.0
9,8,H,-22112.0
9,9,H,-5231.0
9,10,D,19904.0
9,11,D,26034.0
9,12,H,-37013.0
9,13,H,-41690.0
9,14,H,-45878.0
9,15,H,-49089.0
9,16,H,-52397.0
10,7,H,-39357.0
10,8,H,-31848.0
10,9,H,-23325.0
10,10,H,-5190.0
10,11,D,11529.0
10,12,H,-46041.0
10,13,H,-49989.0
10,14,H,-53006.0
10,15,H,-56592.0
10,16,S,-57874.0
