1,7,H,-54815.0
1,8,H,-48817.0
1,9,H,-39277.0
1,10,H,-28142.0
1,11,H,-23905.0
1,12,H,-57436.0
1,13,H,-60007.0
1,14,H,-62094.0
1,15,H,-64788.0
1,16,H,-67458.0
2,7,H,-15298.0
2,8,H,-6895.0
2,9,D,4470.0
2,10,D,34506.0
2,11,D,45670.0
2,12,H,-29214.0
2,13,S,-29442.0
2,14,S,-29374.0
2,15,S,-29496.0
2,16,S,-29940.0
3,7,H,-13843.0
3,8,H,-5085.0
3,9,D,9552.0
3,10,D,39530.0
3,11,D,48310.0
3,12,S,-26028.0
3,13,S,-25868.0
3,14,S,-25698.0
3,15,S,-25602.0
3,16,S,-25660.0
4,7,H,-12227.0
4,8,H,-3844.0
4,9,D,14548.0
4,10,D,42924.0
4,11,D,54146.0
4,12,S,-21716.0
4,13,S,-22164.0
4,14,S,-21546.0
4,15,S,-22380.0
4,16,S,-22302.0
5,7,H,-10298.0
5,8,H,-2936.0
5,9,D,21046.0
5,10,D,46354.0
5,11,D,58286.0
5,12,S,-18826.0
5,13,S,-18302.0
5,14,S,-19040.0
5,15,S,-18136.0
5,16,S,-19074.0
6,7,H,-8459.0
6,8,D,4518.0
6,9,D,26368.0
6,10,D,51210.0
6,11,D,62654.0
6,12,S,-13684.0
6,13,S,-14282.0
6,14,S,-13376.0
6,15,S,-13748.0
6,16,S,-13758.0
7,7,H,-6789.0
7,8,H,6740.0
7,9,H,16320.0
7,10,D,36118.0
7,11,D,43802.0
7,12,H,-20840.0
7,13,H,-26141.0
7,14,H,-30782.0
7,15,H,-35295.0
7,16,H,-40109.0
8,7,H,-20645.0
8,8,H,-5885.0
8,9,H,8858.0
8,10,D,25714.0
8,11,D,31782.0
8,12,H,-27181.0
8,13,H,-31408.0
8,14,H,-35926.0
8,15,H,-39533.0
8,16,H,-44328.0
9,7,H,-28126.0
9,8,H,-20897.0
9,9,H,-5392.0
9,10,D,12080.0
9,11,D,20250.0
9,12,H,-34106.0
9,13,H,-38113.0
9,14,H,-42264.0
9,15,H,-45657.0
9,16,H,-50073.0
10,7,H,-35917.0
10,8,H,-29880.0
10,9,H,-20799.0
10,10,H,-5640.0
10,11,D,7858.0
10,12,H,-42627.0
10,13,H,-46359.0
10,14,H,-49682.0
10,15,H,-52623.0
10,16,H,-56238.0
