1,7,H,-53837.0
1,8,H,-48022.0
1,9,H,-39086.0
1,10,H,-28109.0
1,11,H,-23593.0
1,12,H,-56986.0
1,13,H,-58869.0
1,14,H,-61261.0
1,15,H,-63052.0
1,16,H,-65882.0
2,7,H,-15272.0
2,8,H,-6664.0
2,9,H,2181.0
2,10,D,29702.0
2,11,D,42350.0
2,12,H,-27577.0
2,13,S,-29980.0
2,14,S,-30442.0
2,15,S,-30372.0
2,16,S,-30430.0
3,7,H,-13928.0
3,8,H,-5491.0
3,9,D,6800.0
3,10,D,35100.0
3,11,D,46054.0
3,12,S,-26878.0
3,13,S,-27216.0
3,14,S,-26912.0
3,15,S,-26898.0
3,16,S,-27352.0
4,7,H,-12362.0
4,8,H,-4421.0
4,9,D,10692.0
4,10,D,39536.0
4,11,D,50652.0
4,12,S,-24034.0
4,13,S,-23922.0
4,14,S,-23842.0
4,15,S,-23474.0
4,16,S,-23888.0
5,7,H,-11189.0
5,8,H,-3084.0
5,9,D,15710.0
5,10,D,43400.0
5,11,D,54070.0
5,12,S,-20184.0
5,13,S,-20594.0
5,14,S,-19844.0
5,15,S,-21052.0
5,16,S,-20522.0
6,7,H,-8450.0
6,8,D,-190.0
6,9,D,22818.0
6,10,D,49472.0
6,11,D,59734.0
6,12,S,-15590.0
6,13,S,-15436.0
6,14,S,-15580.0
6,15,S,-15274.0
6,16,S,-15138.0
7,7,H,-6868.0
7,8,H,7119.0
7,9,H,15610.0
7,10,D,31516.0
7,11,D,39712.0
7,12,H,-20746.0
7,13,H,-25236.0
7,14,H,-29545.0
7,15,H,-33701.0
7,16,H,-38809.0
8,7,H,-20266.0
8,8,H,-6025.0
8,9,H,8780.0
8,10,D,21954.0
8,11,D,28174.0
8,12,H,-26653.0
8,13,H,-31263.0
8,14,H,-35198.0
8,15,H,-38310.0
8,16,H,-43204.0
9,7,H,-27668.0
9,8,H,-19819.0
9,9,H,-4847.0
9,10,H,9623.0
9,11,D,17974.0
9,12,H,-32839.0
9,13,H,-37587.0
9,14,H,-41195.0
9,15,H,-43696.0
9,16,H,-48260.0
10,7,H,-35285.0
10,8,H,-28728.0
10,9,H,-20807.0
10,10,H,-5604.0
10,11,D,5983.0
10,12,H,-42190.0
10,13,H,-45563.0
10,14,H,-48934.0
10,15,H,-50417.0
10,16,H,-54773.0
