1,2,H,-38091.0
1,3,H,-40845.0
1,4,H,-42580.0
1,5,H,-45435.0
1,6,H,-46225.0
1,7,S,-45756.0
2,2,H,677.0
2,3,H,-3023.0
2,4,D,-6490.0
2,5,D,-7744.0
2,6,D,-156.0
2,7,D,12664.0
3,2,H,2113.0
3,3,D,-108.0
3,4,D,38.0
3,5,D,-1432.0
3,6,D,5268.0
3,7,D,17614.0
4,2,D,6104.0
4,3,D,5748.0
4,4,D,5660.0
4,5,D,5860.0
4,6,D,10616.0
4,7,D,23098.0
5,2,D,12462.0
5,3,D,14970.0
5,4,D,12068.0
5,5,D,12404.0
5,6,D,18058.0
5,7,D,30060.0
6,2,D,18932.0
6,3,D,18880.0
6,4,D,19476.0
6,5,D,19454.0
6,6,D,25280.0
6,7,D,35356.0
7,2,H,12022.0
7,3,H,8191.0
7,4,H,3599.0
7,5,H,-655.0
7,6,H,5582.0
7,7,S,39803.0
8,2,H,5876.0
8,3,H,1543.0
8,4,H,-2597.0
8,5,H,-7106.0
8,6,H,-7499.0
8,7,H,10692.0
9,2,H,-4455.0
9,3,H,-8172.0
9,4,H,-12116.0
9,5,H,-15089.0
9,6,H,-15197.0
9,7,H,-17890.0
10,2,H,-17443.0
10,3,H,-20846.0
10,4,H,-24142.0
10,5,H,-27180.0
10,6,H,-25713.0
10,7,S,-23747.0
