1,7,H,-57035.0
1,8,H,-49824.0
1,9,H,-39715.0
1,10,D,-27532.0
1,11,D,-19175.0
1,12,H,-61203.0
1,13,H,-63678.0
1,14,H,-66161.0
1,15,H,-68651.0
1,16,H,-70676.0
2,7,H,-14813.0
2,8,H,-5608.0
2,9,D,17088.0
2,10,D,46608.0
2,11,D,57632.0
2,12,S,-24604.0
2,13,S,-23958.0
2,14,S,-24032.0
2,15,S,-23972.0
2,16,S,-24516.0
3,7,H,-12464.0
3,8,D,-2818.0
3,9,D,23936.0
3,10,D,52350.0
3,11,D,62774.0
3,12,S,-20874.0
3,13,S,-20788.0
3,14,S,-19324.0
3,15,S,-20286.0
3,16,S,-20254.0
4,7,H,-10274.0
4,8,D,3286.0
4,9,D,30218.0
4,10,D,58120.0
4,11,D,66062.0
4,12,S,-15950.0
4,13,S,-16316.0
4,14,S,-15658.0
4,15,S,-16214.0
4,16,S,-16348.0
5,7,H,-8643.0
5,8,D,11664.0
5,9,D,35872.0
5,10,D,62034.0
5,11,D,71654.0
5,12,S,-11396.0
5,13,S,-12712.0
5,14,S,-11946.0
5,15,S,-12380.0
5,16,S,-12136.0
6,7,D,-3964.0
6,8,D,17158.0
6,9,D,42102.0
6,10,D,66284.0
6,11,D,76146.0
6,12,S,-8664.0
6,13,S,-9012.0
6,14,S,-8998.0
6,15,S,-8942.0
6,16,S,-8978.0
7,7,H,-6312.0
7,8,H,11008.0
7,9,H,20698.0
7,10,D,48126.0
7,11,D,52038.0
7,12,H,-25450.0
7,13,H,-30671.0
7,14,H,-34924.0
7,15,H,-39576.0
7,16,H,-43632.0
8,7,H,-23413.0
8,8,H,-5572.0
8,9,H,12257.0
8,10,D,36886.0
8,11,D,40442.0
8,12,H,-31769.0
8,13,H,-36881.0
8,14,H,-40714.0
8,15,H,-44949.0
8,16,H,-48169.0
9,7,H,-32006.0
9,8,H,-22875.0
9,9,H,-5146.0
9,10,D,21692.0
9,11,D,27210.0
9,12,H,-39077.0
9,13,H,-43031.0
9,14,H,-46830.0
9,15,H,-50957.0
9,16,H,-53973.0
10,7,H,-39899.0
10,8,H,-32771.0
10,9,H,-24377.0
10,10,D,-4954.0
10,11,D,13194.0
10,12,H,-48399.0
10,13,H,-52059.0
10,14,H,-54924.0
10,15,H,-57939.0
10,16,S,-58274.0
