1,2,H,-39599.0
1,3,H,-42511.0
1,4,H,-44232.0
1,5,H,-46925.0
1,6,H,-47704.0
1,7,S,-46066.0
2,2,H,-107.0
2,3,H,-4733.0
2,4,D,-6262.0
2,5,D,-5934.0
2,6,D,172.0
2,7,D,13278.0
3,2,D,638.0
3,3,D,24.0
3,4,D,486.0
3,5,D,396.0
3,6,D,6770.0
3,7,D,19402.0
4,2,D,6630.0
4,3,D,7348.0
4,4,D,6964.0
4,5,D,8534.0
4,6,D,12546.0
4,7,D,25728.0
5,2,D,14254.0
5,3,D,13782.0
5,4,D,14134.0
5,5,D,13748.0
5,6,D,19764.0
5,7,D,31396.0
6,2,D,21032.0
6,3,D,20330.0
6,4,D,22248.0
6,5,D,19960.0
6,6,D,25666.0
6,7,D,36468.0
7,2,H,10667.0
7,3,H,6704.0
7,4,H,2930.0
7,5,H,-895.0
7,6,H,5000.0
7,7,S,40946.0
8,2,H,4257.0
8,3,H,198.0
8,4,H,-4288.0
8,5,H,-7897.0
8,6,H,-8245.0
8,7,H,10485.0
9,2,H,-5750.0
9,3,H,-9596.0
9,4,H,-13478.0
9,5,H,-16348.0
9,6,H,-16754.0
9,7,H,-19396.0
10,2,H,-19787.0
10,3,H,-22275.0
10,4,H,-26027.0
10,5,H,-28456.0
10,6,H,-26989.0
10,7,H,-25144.0
