1,2,H,-40831.0
1,3,H,-43741.0
1,4,H,-45964.0
1,5,H,-47944.0
1,6,H,-47881.0
1,7,H,-46248.0
2,2,H,-1368.0
2,3,D,-4470.0
2,4,D,-4214.0
2,5,D,-4758.0
2,6,D,3252.0
2,7,D,16024.0
3,2,D,1956.0
3,3,D,2928.0
3,4,D,1896.0
3,5,D,2066.0
3,6,D,9320.0
3,7,D,20934.0
4,2,D,9138.0
4,3,D,7894.0
4,4,D,9338.0
4,5,D,8132.0
4,6,D,14918.0
4,7,D,27726.0
5,2,D,16090.0
5,3,D,15314.0
5,4,D,15020.0
5,5,D,14508.0
5,6,D,22658.0
5,7,D,33438.0
6,2,D,22632.0
6,3,D,21102.0
6,4,D,21450.0
6,5,D,21338.0
6,6,D,26530.0
6,7,D,38926.0
7,2,H,9940.0
7,3,H,5216.0
7,4,H,1519.0
7,5,H,-2413.0
7,6,H,5338.0
7,7,H,41991.0
8,2,H,2754.0
8,3,H,-1290.0
8,4,H,-5938.0
8,5,H,-9034.0
8,6,H,-8918.0
8,7,H,10078.0
9,2,H,-8089.0
9,3,H,-11615.0
9,4,H,-15066.0
9,5,H,-18860.0
9,6,H,-18256.0
9,7,S,-20348.0
10,2,H,-21138.0
10,3,H,-24612.0
10,4,H,-27153.0
10,5,H,-30483.0
10,6,H,-29016.0
10,7,S,-25924.0
