1,2,H,-35564.0
1,3,H,-36762.0
1,4,H,-37759.0
1,5,H,-40142.0
1,6,H,-42879.0
1,7,S,-45481.0
2,2,H,3282.0
2,3,H,1150.0
2,4,H,-1460.0
2,5,D,-5494.0
2,6,D,218.0
2,7,S,10972.0
3,2,H,4268.0
3,3,H,1890.0
3,4,D,-562.0
3,5,D,-1564.0
3,6,D,3158.0
3,7,D,14172.0
4,2,H,5730.0
4,3,H,2406.0
4,4,D,4734.0
4,5,D,3840.0
4,6,D,8660.0
4,7,D,17780.0
5,2,H,5608.0
5,3,D,5480.0
5,4,D,8006.0
5,5,D,8708.0
5,6,D,11416.0
5,7,D,21214.0
6,2,D,10984.0
6,3,D,12022.0
6,4,D,16328.0
6,5,D,14888.0
6,6,D,19438.0
6,7,D,28634.0
7,2,H,14421.0
7,3,H,11264.0
7,4,H,9078.0
7,5,H,4551.0
7,6,H,6811.0
7,7,S,36810.0
8,2,H,7041.0
8,3,H,4880.0
8,4,H,3786.0
8,5,H,-1404.0
8,6,H,-3732.0
8,7,H,10086.0
9,2,H,-2331.0
9,3,H,-4033.0
9,4,H,-6927.0
9,5,H,-9592.0
9,6,H,-11026.0
9,7,S,-16904.0
10,2,H,-15007.0
10,3,H,-16986.0
10,4,H,-18443.0
10,5,H,-21251.0
10,6,H,-22083.0
10,7,H,-21268.0