1,2,H,-35.0
1,3,D,-41.0
1,4,H,-19.0
1,5,H,-40.0
1,6,H,-45.0
1,7,H,-34.0
1,8,S,-1.0
1,9,H,8.0
2,2,D,4.0
2,3,H,-8.0
2,4,D,8.0
2,5,D,0.0
2,6,D,-2.0
2,7,D,28.0
2,8,H,51.0
2,9,S,58.0
3,2,H,-9.0
3,3,H,-6.0
3,4,D,38.0
3,5,D,8.0
3,6,D,22.0
3,7,D,48.0
3,8,S,39.0
3,9,S,70.0
4,2,H,8.0
4,3,H,11.0
4,4,H,-1.0
4,5,D,0.0
4,6,D,42.0
4,7,H,28.0
4,8,D,58.0
4,9,H,68.0
5,2,D,24.0
5,3,H,7.0
5,4,D,-10.0
5,5,H,-12.0
5,6,D,38.0
5,7,D,34.0
5,8,D,48.0
5,9,H,66.0
6,2,D,34.0
6,3,D,24.0
6,4,H,10.0
6,5,D,26.0
6,6,D,10.0
6,7,D,56.0
6,8,D,54.0
6,9,S,74.0
7,2,H,17.0
7,3,H,16.0
7,4,H,12.0
7,5,H,-16.0
7,6,H,-3.0
7,7,H,56.0
7,8,D,76.0
7,9,H,77.0
8,2,H,12.0
8,3,H,2.0
8,4,H,6.0
8,5,H,-10.0
8,6,H,-11.0
8,7,D,26.0
8,8,S,66.0
8,9,S,76.0
9,2,H,12.0
9,3,H,-12.0
9,4,H,-9.0
9,5,H,-9.0
9,6,S,-14.0
9,7,D,-20.0
9,8,H,28.0
9,9,H,81.0
10,2,H,-3.0
10,3,H,-16.0
10,4,H,-29.0
10,5,D,-31.0
10,6,H,-15.0
10,7,S,-11.0
10,8,H,5.0
10,9,S,44.0
