1,2,H,-36210.0
1,3,H,-37885.0
1,4,H,-39769.0
1,5,H,-42705.0
1,6,H,-44160.0
1,7,H,-45750.0
2,2,H,2234.0
2,3,H,-106.0
2,4,H,-3368.0
2,5,D,-6558.0
2,6,D,-328.0
2,7,D,11498.0
3,2,H,3258.0
3,3,H,421.0
3,4,D,190.0
3,5,D,-908.0
3,6,D,5678.0
3,7,D,14814.0
4,2,H,4876.0
4,3,D,3228.0
4,4,D,4552.0
4,5,D,2832.0
4,6,D,8746.0
4,7,D,19676.0
5,2,D,5460.0
5,3,D,6330.0
5,4,D,9428.0
5,5,D,8648.0
5,6,D,14590.0
5,7,D,23996.0
6,2,D,13860.0
6,3,D,14978.0
6,4,D,17152.0
6,5,D,16832.0
6,6,D,20818.0
6,7,D,28908.0
7,2,H,13256.0
7,3,H,10739.0
7,4,H,6572.0
7,5,H,2738.0
7,6,H,6792.0
7,7,H,38106.0
8,2,H,7076.0
8,3,H,3790.0
8,4,H,773.0
8,5,H,-3332.0
8,6,H,-5240.0
8,7,H,10260.0
9,2,H,-3623.0
9,3,H,-5474.0
9,4,H,-8176.0
9,5,H,-12059.0
9,6,H,-12887.0
9,7,S,-17195.0
10,2,H,-15985.0
10,3,H,-17862.0
10,4,H,-19637.0
10,5,H,-23516.0
10,6,H,-22828.0
10,7,S,-22383.0
