1,2,H,-56.0
1,3,H,-42.0
1,4,H,-29.0
1,5,H,-47.0
1,6,H,-54.0
1,7,S,-36.0
1,8,D,-16.0
1,9,H,12.0
2,2,H,-10.0
2,3,D,26.0
2,4,H,-2.0
2,5,D,10.0
2,6,D,12.0
2,7,D,22.0
2,8,D,48.0
2,9,S,64.0
3,2,H,19.0
3,3,D,34.0
3,4,D,4.0
3,5,D,30.0
3,6,D,-2.0
3,7,S,18.0
3,8,H,40.0
3,9,S,71.0
4,2,D,10.0
4,3,D,18.0
4,4,D,26.0
4,5,H,4.0
4,6,D,16.0
4,7,H,12.0
4,8,H,47.0
4,9,S,67.0
5,2,H,11.0
5,3,D,12.0
5,4,D,32.0
5,5,D,34.0
5,6,S,13.0
5,7,D,44.0
5,8,D,46.0
5,9,H,66.0
6,2,D,14.0
6,3,D,26.0
6,4,D,62.0
6,5,D,8.0
6,6,D,24.0
6,7,D,66.0
6,8,S,57.0
6,9,H,71.0
7,2,H,1.0
7,3,H,11.0
7,4,D,6.0
7,5,H,7.0
7,6,D,16.0
7,7,S,35.0
7,8,H,58.0
7,9,H,84.0
8,2,H,31.0
8,3,H,-6.0
8,4,H,-4.0
8,5,H,0.0
8,6,D,-28.0
8,7,H,7.0
8,8,D,56.0
8,9,S,90.0
9,2,H,-6.0
9,3,H,21.0
9,4,H,-5.0
9,5,H,-21.0
9,6,H,-9.0
9,7,H,-8.0
9,8,H,34.0
9,9,S,77.0
10,2,H,-10.0
10,3,H,-17.0
10,4,H,-18.0
10,5,H,-30.0
10,6,H,-36.0
10,7,S,-23.0
10,8,S,3.0
10,9,S,51.0
