1,2,H,-42.0
1,3,H,-30.0
1,4,H,-53.0
1,5,H,-50.0
1,6,H,-46.0
1,7,H,-40.0
1,8,S,-6.0
1,9,H,10.0
2,2,H,5.0
2,3,D,30.0
2,4,H,-4.0
2,5,D,56.0
2,6,H,4.0
2,7,H,33.0
2,8,H,43.0
2,9,D,84.0
3,2,H,19.0
3,3,D,24.0
3,4,D,10.0
3,5,D,18.0
3,6,D,22.0
3,7,S,23.0
3,8,D,66.0
3,9,H,77.0
4,2,H,-4.0
4,3,D,46.0
4,4,D,8.0
4,5,D,20.0
4,6,D,34.0
4,7,S,19.0
4,8,S,42.0
4,9,S,71.0
5,2,H,-7.0
5,3,H,3.0
5,4,H,-3.0
5,5,D,26.0
5,6,H,12.0
5,7,D,20.0
5,8,H,45.0
5,9,H,75.0
6,2,D,14.0
6,3,D,24.0
6,4,D,4.0
6,5,D,30.0
6,6,D,46.0
6,7,H,28.0
6,8,D,60.0
6,9,H,74.0
7,2,H,13.0
7,3,H,0.0
7,4,H,0.0
7,5,H,-8.0
7,6,D,8.0
7,7,S,40.0
7,8,S,70.0
7,9,H,88.0
8,2,H,-16.0
8,3,H,16.0
8,4,H,2.0
8,5,H,-6.0
8,6,H,-18.0
8,7,S,17.0
8,8,H,64.0
8,9,H,82.0
9,2,H,-24.0
9,3,H,-15.0
9,4,H,-13.0
9,5,H,-19.0
9,6,H,-20.0
9,7,S,-27.0
9,8,S,33.0
9,9,H,80.0
10,2,H,-20.0
10,3,H,-18.0
10,4,H,-29.0
10,5,D,-42.0
10,6,H,-26.0
10,7,H,-20.0
10,8,H,-14.0
10,9,H,37.0
