1,2,H,-38.0
1,3,H,-34.0
1,4,H,-45.0
1,5,H,-52.0
1,6,H,-48.0
1,7,S,-36.0
1,8,S,-23.0
1,9,S,-5.0
2,2,D,10.0
2,3,H,15.0
2,4,D,14.0
2,5,H,-8.0
2,6,H,11.0
2,7,D,44.0
2,8,H,39.0
2,9,H,66.0
3,2,H,17.0
3,3,H,-7.0
3,4,H,-5.0
3,5,D,8.0
3,6,D,16.0
3,7,D,22.0
3,8,S,50.0
3,9,D,64.0
4,2,H,15.0
4,3,H,0.0
4,4,D,60.0
4,5,D,4.0
4,6,S,12.0
4,7,D,24.0
4,8,D,64.0
4,9,D,76.0
5,2,D,14.0
5,3,H,1.0
5,4,H,9.0
5,5,D,30.0
5,6,H,6.0
5,7,S,24.0
5,8,S,53.0
5,9,D,86.0
6,2,H,15.0
6,3,D,30.0
6,4,D,10.0
6,5,D,2.0
6,6,D,18.0
6,7,D,38.0
6,8,D,58.0
6,9,S,72.0
7,2,H,24.0
7,3,H,12.0
7,4,H,-2.0
7,5,D,8.0
7,6,H,13.0
7,7,S,41.0
7,8,H,74.0
7,9,S,84.0
8,2,H,-5.0
8,3,H,-11.0
8,4,H,-6.0
8,5,H,-9.0
8,6,H,-17.0
8,7,H,12.0
8,8,H,70.0
8,9,H,82.0
9,2,H,-13.0
9,3,H,-2.0
9,4,H,-12.0
9,5,H,-10.0
9,6,H,-28.0
9,7,H,-13.0
9,8,H,32.0
9,9,S,73.0
10,2,H,-14.0
10,3,H,-5.0
10,4,D,-28.0
10,5,H,-22.0
10,6,H,-12.0
10,7,H,-16.0
10,8,H,4.0
10,9,S,53.0
