1,2,H,-40.0
1,3,H,-59.0
1,4,H,-48.0
1,5,H,-44.0
1,6,D,-42.0
1,7,S,-47.0
1,8,S,4.0
1,9,S,15.0
2,2,H,7.0
2,3,H,4.0
2,4,D,30.0
2,5,D,12.0
2,6,D,46.0
2,7,S,27.0
2,8,D,58.0
2,9,S,64.0
3,2,D,62.0
3,3,D,0.0
3,4,D,24.0
3,5,D,32.0
3,6,D,12.0
3,7,D,26.0
3,8,H,36.0
3,9,S,62.0
4,2,D,10.0
4,3,D,26.0
4,4,D,20.0
4,5,D,22.0
4,6,H,6.0
4,7,D,38.0
4,8,H,56.0
4,9,H,72.0
5,2,D,6.0
5,3,D,14.0
5,4,D,2.0
5,5,D,4.0
5,6,D,22.0
5,7,S,25.0
5,8,S,48.0
5,9,H,67.0
6,2,D,32.0
6,3,D,4.0
6,4,H,2.0
6,5,D,24.0
6,6,H,14.0
6,7,D,22.0
6,8,S,58.0
6,9,D,84.0
7,2,H,5.0
7,3,H,-7.0
7,4,H,11.0
7,5,D,18.0
7,6,H,12.0
7,7,S,48.0
7,8,H,78.0
7,9,S,79.0
8,2,H,-13.0
8,3,H,8.0
8,4,H,-1.0
8,5,D,-14.0
8,6,H,-10.0
8,7,S,19.0
8,8,S,69.0
8,9,H,87.0
9,2,H,-5.0
9,3,H,-3.0
9,4,H,-18.0
9,5,H,-9.0
9,6,D,-14.0
9,7,S,-15.0
9,8,S,30.0
9,9,H,87.0
10,2,H,-25.0
10,3,H,-18.0
10,4,H,-20.0
10,5,H,-29.0
10,6,H,-27.0
10,7,H,-23.0
10,8,S,-1.0
10,9,S,46.0
